

<!DOCTYPE html>


<html lang="en" >

  <head>
    <meta charset="utf-8" />
    <meta name="viewport" content="width=device-width, initial-scale=1.0" /><meta name="generator" content="Docutils 0.18.1: http://docutils.sourceforge.net/" />

    <title>24. Neighborhood analysis &#8212; Single-cell best practices</title>
  
  
  
  <script data-cfasync="false">
    document.documentElement.dataset.mode = localStorage.getItem("mode") || "";
    document.documentElement.dataset.theme = localStorage.getItem("theme") || "light";
  </script>
  
  <!-- Loaded before other Sphinx assets -->
  <link href="../_static/styles/theme.css?digest=12da95d707ffb74b382d" rel="stylesheet" />
<link href="../_static/styles/bootstrap.css?digest=12da95d707ffb74b382d" rel="stylesheet" />
<link href="../_static/styles/pydata-sphinx-theme.css?digest=12da95d707ffb74b382d" rel="stylesheet" />

  
  <link href="../_static/vendor/fontawesome/6.1.2/css/all.min.css?digest=12da95d707ffb74b382d" rel="stylesheet" />
  <link rel="preload" as="font" type="font/woff2" crossorigin href="../_static/vendor/fontawesome/6.1.2/webfonts/fa-solid-900.woff2" />
<link rel="preload" as="font" type="font/woff2" crossorigin href="../_static/vendor/fontawesome/6.1.2/webfonts/fa-brands-400.woff2" />
<link rel="preload" as="font" type="font/woff2" crossorigin href="../_static/vendor/fontawesome/6.1.2/webfonts/fa-regular-400.woff2" />

    <link rel="stylesheet" type="text/css" href="../_static/pygments.css" />
    <link rel="stylesheet" href="../_static/styles/sphinx-book-theme.css?digest=14f4ca6b54d191a8c7657f6c759bf11a5fb86285" type="text/css" />
    <link rel="stylesheet" type="text/css" href="../_static/togglebutton.css" />
    <link rel="stylesheet" type="text/css" href="../_static/copybutton.css" />
    <link rel="stylesheet" type="text/css" href="../_static/mystnb.4510f1fc1dee50b3e5859aac5469c37c29e427902b24a333a5f9fcb2f0b3ac41.css" />
    <link rel="stylesheet" type="text/css" href="../_static/sphinx-thebe.css" />
    <link rel="stylesheet" type="text/css" href="../_static/book.css" />
    <link rel="stylesheet" type="text/css" href="../_static/design-style.4045f2051d55cab465a707391d5b2007.min.css" />
  
  <!-- Pre-loaded scripts that we'll load fully later -->
  <link rel="preload" as="script" href="../_static/scripts/bootstrap.js?digest=12da95d707ffb74b382d" />
<link rel="preload" as="script" href="../_static/scripts/pydata-sphinx-theme.js?digest=12da95d707ffb74b382d" />

    <script data-url_root="../" id="documentation_options" src="../_static/documentation_options.js"></script>
    <script src="../_static/jquery.js"></script>
    <script src="../_static/underscore.js"></script>
    <script src="../_static/_sphinx_javascript_frameworks_compat.js"></script>
    <script src="../_static/doctools.js"></script>
    <script src="../_static/clipboard.min.js"></script>
    <script src="../_static/copybutton.js"></script>
    <script src="../_static/scripts/sphinx-book-theme.js?digest=5a5c038af52cf7bc1a1ec88eea08e6366ee68824"></script>
    <script>let toggleHintShow = 'Click to show';</script>
    <script>let toggleHintHide = 'Click to hide';</script>
    <script>let toggleOpenOnPrint = 'true';</script>
    <script src="../_static/togglebutton.js"></script>
    <script src="https://cdnjs.cloudflare.com/ajax/libs/require.js/2.3.4/require.min.js"></script>
    <script src="../_static/book.js"></script>
    <script>var togglebuttonSelector = '.toggle, .admonition.dropdown';</script>
    <script src="../_static/design-tabs.js"></script>
    <script>const THEBE_JS_URL = "https://unpkg.com/thebe@0.8.2/lib/index.js"
const thebe_selector = ".thebe,.cell"
const thebe_selector_input = "pre"
const thebe_selector_output = ".output, .cell_output"
</script>
    <script async="async" src="../_static/sphinx-thebe.js"></script>
    <script>window.MathJax = {"options": {"processHtmlClass": "tex2jax_process|mathjax_process|math|output_area"}}</script>
    <script defer="defer" src="https://cdn.jsdelivr.net/npm/mathjax@3/es5/tex-mml-chtml.js"></script>
    <script>DOCUMENTATION_OPTIONS.pagename = 'spatial/neighborhood';</script>
    <link rel="shortcut icon" href="../_static/favicon.ico"/>
    <link rel="index" title="Index" href="../genindex.html" />
    <link rel="search" title="Search" href="../search.html" />
    <link rel="next" title="25. Spatial domains" href="domains.html" />
    <link rel="prev" title="23. Single-cell data resolved in space" href="introduction.html" />
  <meta name="viewport" content="width=device-width, initial-scale=1"/>
  <meta name="docsearch:language" content="en"/>
  </head>
  
  
  <body data-bs-spy="scroll" data-bs-target=".bd-toc-nav" data-offset="180" data-bs-root-margin="0px 0px -60%" data-default-mode="">

  
  
  <a class="skip-link" href="#main-content">Skip to main content</a>
  
  <input type="checkbox"
          class="sidebar-toggle"
          name="__primary"
          id="__primary"/>
  <label class="overlay overlay-primary" for="__primary"></label>
  
  <input type="checkbox"
          class="sidebar-toggle"
          name="__secondary"
          id="__secondary"/>
  <label class="overlay overlay-secondary" for="__secondary"></label>
  
  <div class="search-button__wrapper">
    <div class="search-button__overlay"></div>
    <div class="search-button__search-container">
<form class="bd-search d-flex align-items-center"
      action="../search.html"
      method="get">
  <i class="fa-solid fa-magnifying-glass"></i>
  <input type="search"
         class="form-control"
         name="q"
         id="search-input"
         placeholder="Search this book..."
         aria-label="Search this book..."
         autocomplete="off"
         autocorrect="off"
         autocapitalize="off"
         spellcheck="false"/>
  <span class="search-button__kbd-shortcut"><kbd class="kbd-shortcut__modifier">Ctrl</kbd>+<kbd>K</kbd></span>
</form></div>
  </div>
  
    <nav class="bd-header navbar navbar-expand-lg bd-navbar">
    </nav>
  
  <div class="bd-container">
    <div class="bd-container__inner bd-page-width">
      
      <div class="bd-sidebar-primary bd-sidebar">
        

  
  <div class="sidebar-header-items sidebar-primary__section">
    
    
    
    
  </div>
  
    <div class="sidebar-primary-items__start sidebar-primary__section">
        <div class="sidebar-primary-item">
  

<a class="navbar-brand logo" href="../preamble.html">
  
  
  
  
    
    
      
    
    
    <img src="../_static/logo.png" class="logo__image only-light" alt="Logo image"/>
    <script>document.write(`<img src="../_static/logo.png" class="logo__image only-dark" alt="Logo image"/>`);</script>
  
  
</a></div>
        <div class="sidebar-primary-item"><nav class="bd-links" id="bd-docs-nav" aria-label="Main">
    <div class="bd-toc-item navbar-nav active">
        <p aria-level="2" class="caption" role="heading"><span class="caption-text">Introduction</span></p>
<ul class="nav bd-sidenav">
<li class="toctree-l1"><a class="reference internal" href="../introduction/prior_art.html">1. Prior art</a></li>
<li class="toctree-l1"><a class="reference internal" href="../introduction/scrna_seq.html">2. Single-cell RNA sequencing</a></li>
<li class="toctree-l1"><a class="reference internal" href="../introduction/raw_data_processing.html">3. Raw data processing</a></li>
<li class="toctree-l1"><a class="reference internal" href="../introduction/analysis_tools.html">4. Analysis frameworks and tools</a></li>
<li class="toctree-l1"><a class="reference internal" href="../introduction/interoperability.html">5. Interoperability</a></li>
</ul>
<p aria-level="2" class="caption" role="heading"><span class="caption-text">Preprocessing and visualization</span></p>
<ul class="nav bd-sidenav">
<li class="toctree-l1"><a class="reference internal" href="../preprocessing_visualization/quality_control.html">6. Quality Control</a></li>
<li class="toctree-l1"><a class="reference internal" href="../preprocessing_visualization/normalization.html">7. Normalization</a></li>
<li class="toctree-l1"><a class="reference internal" href="../preprocessing_visualization/feature_selection.html">8. Feature selection</a></li>
<li class="toctree-l1"><a class="reference internal" href="../preprocessing_visualization/dimensionality_reduction.html">9. Dimensionality Reduction</a></li>
</ul>
<p aria-level="2" class="caption" role="heading"><span class="caption-text">Identifying cellular structure</span></p>
<ul class="nav bd-sidenav">
<li class="toctree-l1"><a class="reference internal" href="../cellular_structure/clustering.html">10. Clustering</a></li>
<li class="toctree-l1"><a class="reference internal" href="../cellular_structure/annotation.html">11. Annotation</a></li>
<li class="toctree-l1"><a class="reference internal" href="../cellular_structure/integration.html">12. Data integration</a></li>
</ul>
<p aria-level="2" class="caption" role="heading"><span class="caption-text">Inferring trajectories</span></p>
<ul class="nav bd-sidenav">
<li class="toctree-l1"><a class="reference internal" href="../trajectories/pseudotemporal.html">13. Pseudotemporal ordering</a></li>
<li class="toctree-l1"><a class="reference internal" href="../trajectories/rna_velocity.html">14. RNA velocity</a></li>
<li class="toctree-l1"><a class="reference internal" href="../trajectories/lineage_tracing.html">15. Lineage tracing</a></li>
</ul>
<p aria-level="2" class="caption" role="heading"><span class="caption-text">Dealing with conditions</span></p>
<ul class="nav bd-sidenav">
<li class="toctree-l1"><a class="reference internal" href="../conditions/differential_gene_expression.html">16. Differential gene expression analysis</a></li>
<li class="toctree-l1"><a class="reference internal" href="../conditions/compositional.html">17. Compositional analysis</a></li>
<li class="toctree-l1"><a class="reference internal" href="../conditions/gsea_pathway.html">18. Gene set enrichment and pathway analysis</a></li>
<li class="toctree-l1"><a class="reference internal" href="../conditions/perturbation_modeling.html">19. Perturbation modeling</a></li>
</ul>
<p aria-level="2" class="caption" role="heading"><span class="caption-text">Modeling mechanisms</span></p>
<ul class="nav bd-sidenav">
<li class="toctree-l1"><a class="reference internal" href="../mechanisms/grns.html">20. Gene regulatory networks</a></li>
<li class="toctree-l1"><a class="reference internal" href="../mechanisms/cell_cell_communication.html">21. Cell-cell communication</a></li>
</ul>
<p aria-level="2" class="caption" role="heading"><span class="caption-text">Deconvolution</span></p>
<ul class="nav bd-sidenav">
<li class="toctree-l1"><a class="reference internal" href="../deconvolution/bulk_deconvolution.html">22. Bulk deconvolution</a></li>
</ul>
<p aria-level="2" class="caption" role="heading"><span class="caption-text">Spatial omics</span></p>
<ul class="current nav bd-sidenav">
<li class="toctree-l1"><a class="reference internal" href="introduction.html">23. Single-cell data resolved in space</a></li>
<li class="toctree-l1 current active"><a class="current reference internal" href="#">24. Neighborhood analysis</a></li>
<li class="toctree-l1"><a class="reference internal" href="domains.html">25. Spatial domains</a></li>
<li class="toctree-l1"><a class="reference internal" href="deconvolution.html">26. Spatial deconvolution</a></li>
<li class="toctree-l1"><a class="reference internal" href="imputation.html">27. Imputation</a></li>



</ul>
<p aria-level="2" class="caption" role="heading"><span class="caption-text">Surface protein</span></p>
<ul class="nav bd-sidenav">
<li class="toctree-l1"><a class="reference internal" href="../surface_protein/quality_control.html">31. Quality control</a></li>
<li class="toctree-l1"><a class="reference internal" href="../surface_protein/normalization.html">32. Normalization</a></li>
<li class="toctree-l1"><a class="reference internal" href="../surface_protein/doublet_detection.html">33. Doublet detection</a></li>
<li class="toctree-l1"><a class="reference internal" href="../surface_protein/dimensionality_reduction.html">34. Dimensionality Reduction</a></li>
<li class="toctree-l1"><a class="reference internal" href="../surface_protein/batch_correction.html">35. Batch correction</a></li>
<li class="toctree-l1"><a class="reference internal" href="../surface_protein/annotation.html">36. Annotation</a></li>
</ul>
<p aria-level="2" class="caption" role="heading"><span class="caption-text">AIR repertoire</span></p>
<ul class="nav bd-sidenav">
<li class="toctree-l1"><a class="reference internal" href="../air_repertoire/ir_profiling.html">37. Immune Receptor Profiling</a></li>
<li class="toctree-l1"><a class="reference internal" href="../air_repertoire/clonotype.html">38. Clonotype analysis</a></li>



<li class="toctree-l1"><a class="reference internal" href="../air_repertoire/specificity.html">42. Specificity analysis</a></li>
<li class="toctree-l1"><a class="reference internal" href="../air_repertoire/multimodal_integration.html">43. Integrating AIR and transcriptomics</a></li>
</ul>
<p aria-level="2" class="caption" role="heading"><span class="caption-text">Multimodal integration</span></p>
<ul class="nav bd-sidenav">
<li class="toctree-l1"><a class="reference internal" href="../multimodal_integration/paired_integration.html">44. Paired integration</a></li>
<li class="toctree-l1"><a class="reference internal" href="../multimodal_integration/advanced_integration.html">45. Advanced integration</a></li>
</ul>
<p aria-level="2" class="caption" role="heading"><span class="caption-text">Reproducibility</span></p>
<ul class="nav bd-sidenav">
<li class="toctree-l1"><a class="reference internal" href="../reproducibility/introduction.html">46. Reproducibility</a></li>
</ul>
<p aria-level="2" class="caption" role="heading"><span class="caption-text">Outlook</span></p>
<ul class="nav bd-sidenav">
<li class="toctree-l1"><a class="reference internal" href="../outlook.html">47. Outlook</a></li>
</ul>
<p aria-level="2" class="caption" role="heading"><span class="caption-text">Acknowledgements</span></p>
<ul class="nav bd-sidenav">
<li class="toctree-l1"><a class="reference internal" href="../acknowledgements.html">48. Acknowledgements</a></li>
</ul>
<p aria-level="2" class="caption" role="heading"><span class="caption-text">Glossary</span></p>
<ul class="nav bd-sidenav">
<li class="toctree-l1"><a class="reference internal" href="../glossary.html">49. Glossary</a></li>
</ul>

    </div>
</nav></div>
    </div>
  
  
  <div class="sidebar-primary-items__end sidebar-primary__section">
  </div>
  
  <div id="rtd-footer-container"></div>


      </div>
      
      <main id="main-content" class="bd-main">
        
        

<div class="sbt-scroll-pixel-helper"></div>

          <div class="bd-content">
            <div class="bd-article-container">
              
              <div class="bd-header-article">
<div class="header-article-items header-article__inner">
  
    <div class="header-article-items__start">
      
        <div class="header-article-item"><label class="sidebar-toggle primary-toggle btn btn-sm" for="__primary" title="Toggle primary sidebar" data-bs-placement="bottom" data-bs-toggle="tooltip">
  <span class="fa-solid fa-bars"></span>
</label></div>
      
    </div>
  
  
    <div class="header-article-items__end">
      
        <div class="header-article-item">

<div class="article-header-buttons">





<div class="dropdown dropdown-source-buttons">
  <button class="btn dropdown-toggle" type="button" data-bs-toggle="dropdown" aria-expanded="false" aria-label="Source repositories">
    <i class="fab fa-github"></i>
  </button>
  <ul class="dropdown-menu">
      
      
      
      <li><a href="https://github.com/theislab/single-cell-best-practices" target="_blank"
   class="btn btn-sm btn-source-repository-button dropdown-item"
   title="Source repository"
   data-bs-placement="left" data-bs-toggle="tooltip"
>
  

<span class="btn__icon-container">
  <i class="fab fa-github"></i>
  </span>
<span class="btn__text-container">Repository</span>
</a>
</li>
      
      
      
      
      <li><a href="https://github.com/theislab/single-cell-best-practices/edit/master/spatial/neighborhood.ipynb" target="_blank"
   class="btn btn-sm btn-source-edit-button dropdown-item"
   title="Suggest edit"
   data-bs-placement="left" data-bs-toggle="tooltip"
>
  

<span class="btn__icon-container">
  <i class="fas fa-pencil-alt"></i>
  </span>
<span class="btn__text-container">Suggest edit</span>
</a>
</li>
      
      
      
      
      <li><a href="https://github.com/theislab/single-cell-best-practices/issues/new?title=Issue%20on%20page%20%2Fspatial/neighborhood.html&body=Your%20issue%20content%20here." target="_blank"
   class="btn btn-sm btn-source-issues-button dropdown-item"
   title="Open an issue"
   data-bs-placement="left" data-bs-toggle="tooltip"
>
  

<span class="btn__icon-container">
  <i class="fas fa-lightbulb"></i>
  </span>
<span class="btn__text-container">Open issue</span>
</a>
</li>
      
  </ul>
</div>






<div class="dropdown dropdown-download-buttons">
  <button class="btn dropdown-toggle" type="button" data-bs-toggle="dropdown" aria-expanded="false" aria-label="Download this page">
    <i class="fas fa-download"></i>
  </button>
  <ul class="dropdown-menu">
      
      
      
      <li><a href="../_sources/spatial/neighborhood.ipynb" target="_blank"
   class="btn btn-sm btn-download-source-button dropdown-item"
   title="Download source file"
   data-bs-placement="left" data-bs-toggle="tooltip"
>
  

<span class="btn__icon-container">
  <i class="fas fa-file"></i>
  </span>
<span class="btn__text-container">.ipynb</span>
</a>
</li>
      
      
      
      
      <li>
<button onclick="window.print()"
  class="btn btn-sm btn-download-pdf-button dropdown-item"
  title="Print to PDF"
  data-bs-placement="left" data-bs-toggle="tooltip"
>
  

<span class="btn__icon-container">
  <i class="fas fa-file-pdf"></i>
  </span>
<span class="btn__text-container">.pdf</span>
</button>
</li>
      
  </ul>
</div>




<button onclick="toggleFullScreen()"
  class="btn btn-sm btn-fullscreen-button"
  title="Fullscreen mode"
  data-bs-placement="bottom" data-bs-toggle="tooltip"
>
  

<span class="btn__icon-container">
  <i class="fas fa-expand"></i>
  </span>

</button>


<script>
document.write(`
  <button class="theme-switch-button btn btn-sm btn-outline-primary navbar-btn rounded-circle" title="light/dark" aria-label="light/dark" data-bs-placement="bottom" data-bs-toggle="tooltip">
    <span class="theme-switch" data-mode="light"><i class="fa-solid fa-sun"></i></span>
    <span class="theme-switch" data-mode="dark"><i class="fa-solid fa-moon"></i></span>
    <span class="theme-switch" data-mode="auto"><i class="fa-solid fa-circle-half-stroke"></i></span>
  </button>
`);
</script>

<script>
document.write(`
  <button class="btn btn-sm navbar-btn search-button search-button__button" title="Search" aria-label="Search" data-bs-placement="bottom" data-bs-toggle="tooltip">
    <i class="fa-solid fa-magnifying-glass"></i>
  </button>
`);
</script>
<label class="sidebar-toggle secondary-toggle btn btn-sm" for="__secondary"title="Toggle secondary sidebar" data-bs-placement="bottom" data-bs-toggle="tooltip">
    <span class="fa-solid fa-list"></span>
</label>
</div></div>
      
    </div>
  
</div>
</div>
              
              

<div id="jb-print-docs-body" class="onlyprint">
    <h1>Neighborhood analysis</h1>
    <!-- Table of contents -->
    <div id="print-main-content">
        <div id="jb-print-toc">
            
            <div>
                <h2> Contents </h2>
            </div>
            <nav aria-label="Page">
                <ul class="visible nav section-nav flex-column">
<li class="toc-h2 nav-item toc-entry"><a class="reference internal nav-link" href="#motivation">24.1. Motivation</a></li>
<li class="toc-h2 nav-item toc-entry"><a class="reference internal nav-link" href="#environment-setup-and-data">24.2. Environment setup and data</a></li>
<li class="toc-h2 nav-item toc-entry"><a class="reference internal nav-link" href="#identifying-interactions-between-spatial-communities">24.3. Identifying interactions between spatial communities</a></li>
<li class="toc-h2 nav-item toc-entry"><a class="reference internal nav-link" href="#co-occurrence-across-spatial-dimensions">24.4. Co-occurrence across spatial dimensions</a></li>
<li class="toc-h2 nav-item toc-entry"><a class="reference internal nav-link" href="#key-takeaways">24.5. Key takeaways</a></li>
<li class="toc-h2 nav-item toc-entry"><a class="reference internal nav-link" href="#references">24.6. References</a></li>
<li class="toc-h2 nav-item toc-entry"><a class="reference internal nav-link" href="#contributors">24.7. Contributors</a><ul class="nav section-nav flex-column">
<li class="toc-h3 nav-item toc-entry"><a class="reference internal nav-link" href="#authors">24.7.1. Authors</a></li>
<li class="toc-h3 nav-item toc-entry"><a class="reference internal nav-link" href="#reviewers">24.7.2. Reviewers</a></li>
</ul>
</li>
</ul>
            </nav>
        </div>
    </div>
</div>

              
                
<div id="searchbox"></div>
                <article class="bd-article" role="main">
                  
  <section class="tex2jax_ignore mathjax_ignore" id="neighborhood-analysis">
<h1><span class="section-number">24. </span>Neighborhood analysis<a class="headerlink" href="#neighborhood-analysis" title="Permalink to this heading">#</a></h1>
<section id="motivation">
<h2><span class="section-number">24.1. </span>Motivation<a class="headerlink" href="#motivation" title="Permalink to this heading">#</a></h2>
<p>After annotating cell types or cell states in the dataset (or spots, according to the technology at end), we can quantify whether such annotations are spatially enriched and analyze cellular neighborhoods across the tissue.</p>
<p>Cellular neighborhood analysis is a good starting point for various downstream tasks as it can help to understand the cellular composition of the tissue and identify candidates for more in-depth analysis. For example, it can help to find candidates for cell-cell communication based on spatial proximity, or spatial regions and clusters for identification of spatially variable genes.</p>
<p>Neighborhood analysis is often performed through <strong>spatial statistics</strong> <span id="id1">[<a class="reference internal" href="#id477" title="A.E. Gelfand, M. Fuentes, P. Guttorp, and P. Diggle. Handbook of Spatial Statistics. Chapman &amp; Hall/CRC Handbooks of Modern Statistical Methods. Taylor &amp; Francis, 2010. ISBN 9781420072877. URL: http://books.google.com/books?id=EFbbcMFZ2mMC.">Gelfand <em>et al.</em>, 2010</a>]</span>, which are quantitative scores that can be used to identify spatial neighborhoods in the tissue. Here, we’ll take a look at various spatial statistics implemented in Squidpy <span id="id2">[<a class="reference internal" href="spatially_variable_genes.html#id105" title="Giovanni Palla, Hannah Spitzer, Michal Klein, David Fischer, Anna Christina Schaar, Louis Benedikt Kuemmerle, Sergei Rybakov, Ignacio L. Ibarra, Olle Holmberg, Isaac Virshup, Mohammad Lotfollahi, Sabrina Richter, and Fabian J. Theis. Squidpy: a scalable framework for spatial omics analysis. Nature Methods, 19(2):171-178, Feb 2022. URL: https://doi.org/10.1038/s41592-021-01358-2, doi:10.1038/s41592-021-01358-2.">Palla <em>et al.</em>, 2022</a>]</span>.</p>
</section>
<section id="environment-setup-and-data">
<h2><span class="section-number">24.2. </span>Environment setup and data<a class="headerlink" href="#environment-setup-and-data" title="Permalink to this heading">#</a></h2>
<p>We first load the respective packages needed in this tutorial and the dataset.</p>
<div class="cell docutils container">
<div class="cell_input docutils container">
<div class="highlight-ipython3 notranslate"><div class="highlight"><pre><span></span><span class="kn">import</span> <span class="nn">scanpy</span> <span class="k">as</span> <span class="nn">sc</span>
<span class="kn">import</span> <span class="nn">squidpy</span> <span class="k">as</span> <span class="nn">sq</span>

<span class="n">sc</span><span class="o">.</span><span class="n">settings</span><span class="o">.</span><span class="n">verbosity</span> <span class="o">=</span> <span class="mi">3</span>
<span class="n">sc</span><span class="o">.</span><span class="n">settings</span><span class="o">.</span><span class="n">set_figure_params</span><span class="p">(</span><span class="n">dpi</span><span class="o">=</span><span class="mi">80</span><span class="p">,</span> <span class="n">facecolor</span><span class="o">=</span><span class="s2">&quot;white&quot;</span><span class="p">)</span>
</pre></div>
</div>
</div>
</div>
<p>The dataset used in this tutorial consists of 1 tissue slides from 1 mouse and is provided by <a class="reference external" href="https://support.10xgenomics.com/spatial-gene-expression/datasets/1.1.0/V1_Adult_Mouse_Brain">10x Genomics Space Ranger 1.1.0</a>. The dataset was pre-processed in Squidpy, which provides a loading function for this dataset.</p>
<div class="cell docutils container">
<div class="cell_input docutils container">
<div class="highlight-ipython3 notranslate"><div class="highlight"><pre><span></span><span class="n">adata</span> <span class="o">=</span> <span class="n">sq</span><span class="o">.</span><span class="n">datasets</span><span class="o">.</span><span class="n">visium_hne_adata</span><span class="p">()</span>
</pre></div>
</div>
</div>
</div>
</section>
<section id="identifying-interactions-between-spatial-communities">
<h2><span class="section-number">24.3. </span>Identifying interactions between spatial communities<a class="headerlink" href="#identifying-interactions-between-spatial-communities" title="Permalink to this heading">#</a></h2>
<p>After annotating cell types or cell states in the dataset (or spots, according to the technology at end), we can quantify whether such annotations are spatially enriched. To this end, Computing a neighborhood enrichment can help us identify clusters that are neighbors in the tissue of interest. In short, it’s an enrichment score on spatial proximity of clusters: if observations (cells or spots) belonging to a cluster are often close to observations belonging to another cluster, then they will have a high score and will appear to be enriched. On the other hand, if they are far apart, and therefore are seldom neighbors, the score will be low and they can be defined as depleted. This score is based on a permutation-based test, and you can set the number of permutations with the n_perms argument (default is 1000).</p>
<p>Since the function works on a spatial connectivity matrix (spatial graph), we need to compute that as well. This can be done with <code class="docutils literal notranslate"><span class="pre">squidpy.gr.spatial_neighbors()</span></code>.</p>
<div class="cell docutils container">
<div class="cell_input docutils container">
<div class="highlight-ipython3 notranslate"><div class="highlight"><pre><span></span><span class="n">sq</span><span class="o">.</span><span class="n">gr</span><span class="o">.</span><span class="n">spatial_neighbors</span><span class="p">(</span><span class="n">adata</span><span class="p">)</span>
</pre></div>
</div>
</div>
<div class="cell_output docutils container">
<div class="output stream highlight-myst-ansi notranslate"><div class="highlight"><pre><span></span>Creating graph using `grid` coordinates and `None` transform and `1` libraries.
Adding `adata.obsp[&#39;spatial_connectivities&#39;]`
       `adata.obsp[&#39;spatial_distances&#39;]`
       `adata.uns[&#39;spatial_neighbors&#39;]`
Finish (0:00:01)
</pre></div>
</div>
</div>
</div>
<p>We can now run the neighborhood enrichment test by providing the annotation key in <code class="docutils literal notranslate"><span class="pre">adata.obs</span></code>.</p>
<div class="cell docutils container">
<div class="cell_input docutils container">
<div class="highlight-ipython3 notranslate"><div class="highlight"><pre><span></span><span class="n">sq</span><span class="o">.</span><span class="n">gr</span><span class="o">.</span><span class="n">nhood_enrichment</span><span class="p">(</span><span class="n">adata</span><span class="p">,</span> <span class="n">cluster_key</span><span class="o">=</span><span class="s2">&quot;cluster&quot;</span><span class="p">)</span>
</pre></div>
</div>
</div>
<div class="cell_output docutils container">
<div class="output stream highlight-myst-ansi notranslate"><div class="highlight"><pre><span></span>Calculating neighborhood enrichment using `1` core(s)
</pre></div>
</div>
<script type="application/vnd.jupyter.widget-view+json">{"model_id": "e85c84fa9a914c9bb8b15ece58c88cdf", "version_major": 2, "version_minor": 0}</script><div class="output stream highlight-myst-ansi notranslate"><div class="highlight"><pre><span></span>Adding `adata.uns[&#39;cluster_nhood_enrichment&#39;]`
Finish (0:00:00)
</pre></div>
</div>
</div>
</div>
<p>The method added <code class="docutils literal notranslate"><span class="pre">adata.uns['cluster_nhood_enrichment']</span></code> to our AnnData object.</p>
<div class="cell docutils container">
<div class="cell_input docutils container">
<div class="highlight-ipython3 notranslate"><div class="highlight"><pre><span></span><span class="n">adata</span><span class="o">.</span><span class="n">uns</span><span class="p">[</span><span class="s2">&quot;cluster_nhood_enrichment&quot;</span><span class="p">]</span>
</pre></div>
</div>
</div>
<div class="cell_output docutils container">
<div class="output text_plain highlight-myst-ansi notranslate"><div class="highlight"><pre><span></span>{&#39;zscore&#39;: array([[ 70.22155762, -13.6041789 ,  -0.4258425 ,   2.94739732,
          -9.03708733, -12.44368289,  -8.94699794, -12.42056733,
          -9.76328672,  -8.53570662,  -5.34106034,  -6.81758862,
         -10.46793569, -13.79518632, -11.85984283],
        [-13.6041789 ,  74.34650092,  -6.37460975,  -9.11260235,
           1.92787693, -12.0461501 , -11.90907953, -11.42070949,
          -8.79949063,  -7.03693412,  -5.27623436,  -6.33541649,
          -3.39758871, -13.09498141, -11.02100047],
        [ -0.4258425 ,  -6.37460975,  71.02312621, -10.2557408 ,
          -8.38252823,  -3.56904737, -11.60339076, -11.17301353,
          -8.63097371,  -8.04109503,  -4.88912876,  -6.29768401,
          -7.40871581, -12.6590886 , -10.5828295 ],
        [  2.94739732,  -9.11260235, -10.2557408 ,  57.83928709,
          14.41213846,  -9.54187862,  -9.20031921,  -9.36357782,
          -7.19965825,  -6.49172687,  -4.07412227,  -5.14772134,
          -7.55767703, -10.34784232,  -8.81768536],
        [ -9.03708733,   1.92787693,  -8.38252823,  14.41213846,
          36.34406673,  -8.27754053,  -7.55077944,  -8.38725173,
          -6.28914454,  -1.78180094,  -3.50081508,  -4.46780626,
          -6.80187795,  -9.09205304,  -7.97723212],
        [-12.44368289, -12.0461501 ,  -3.56904737,  -9.54187862,
          -8.27754053,  56.46317761,  -1.65912586,  -9.83917564,
           3.34500357,   4.76287001,  -4.4421212 ,  -6.07070432,
          -4.06673556,  -9.01905311,  -7.63068773],
        [ -8.94699794, -11.90907953, -11.60339076,  -9.20031921,
          -7.55077944,  -1.65912586,  56.52983503, -10.53203586,
          -6.95861812,  -2.59374816,  26.16381548,  13.58097471,
          -8.86853162, -11.81470655, -10.82483187],
        [-12.42056733, -11.42070949, -11.17301353,  -9.36357782,
          -8.38725173,  -9.83917564, -10.53203586,  78.38442071,
          -3.86826297,  -4.37445824,  -4.5991668 ,  -5.83739543,
          -8.6848676 , -11.53420802,  -6.35636122],
        [ -9.76328672,  -8.79949063,  -8.63097371,  -7.19965825,
          -6.28914454,   3.34500357,  -6.95861812,  -3.86826297,
          61.62040415,  -4.40694372,  -3.54475788,  -2.20267766,
          -6.88126696,  -1.30472155,  -2.3125057 ],
        [ -8.53570662,  -7.03693412,  -8.04109503,  -6.49172687,
          -1.78180094,   4.76287001,  -2.59374816,  -4.37445824,
          -4.40694372,  42.4700539 ,  -3.1814847 ,  -4.0503999 ,
           4.9198482 ,  -8.01018986,  -4.18579912],
        [ -5.34106034,  -5.27623436,  -4.88912876,  -4.07412227,
          -3.50081508,  -4.4421212 ,  26.16381548,  -4.5991668 ,
          -3.54475788,  -3.1814847 ,  45.15843296,  -1.28213058,
          -3.87010332,  -4.99305736,  -4.42082271],
        [ -6.81758862,  -6.33541649,  -6.29768401,  -5.14772134,
          -4.46780626,  -6.07070432,  13.58097471,  -5.83739543,
          -2.20267766,  -4.0503999 ,  -1.28213058,  64.52229328,
          -4.87520289,  -5.13157661,  -5.494849  ],
        [-10.46793569,  -3.39758871,  -7.40871581,  -7.55767703,
          -6.80187795,  -4.06673556,  -8.86853162,  -8.6848676 ,
          -6.88126696,   4.9198482 ,  -3.87010332,  -4.87520289,
          72.72449982, -10.10115791,  -8.53496568],
        [-13.79518632, -13.09498141, -12.6590886 , -10.34784232,
          -9.09205304,  -9.01905311, -11.81470655, -11.53420802,
          -1.30472155,  -8.01018986,  -4.99305736,  -5.13157661,
         -10.10115791,  80.27730927,  -3.61634144],
        [-11.85984283, -11.02100047, -10.5828295 ,  -8.81768536,
          -7.97723212,  -7.63068773, -10.82483187,  -6.35636122,
          -2.3125057 ,  -4.18579912,  -4.42082271,  -5.494849  ,
          -8.53496568,  -3.61634144,  67.62254826]]),
 &#39;count&#39;: array([[1352,    1,  145,  128,    4,    4,   40,    0,    0,    0,    0,
            0,    0,    0,    0],
        [   1, 1290,   67,    9,   87,    0,    0,    0,    0,    7,    0,
            0,   55,    0,    0],
        [ 145,   67, 1140,    0,    2,   83,    3,    0,    0,    0,    0,
            0,   18,    0,    0],
        [ 128,    9,    0,  678,  140,    0,    0,    0,    0,    0,    0,
            0,    0,    0,    0],
        [   4,   87,    2,  140,  330,    0,    6,    0,    0,   20,    0,
            0,    0,    0,    0],
        [   4,    0,   83,    0,    0,  878,   92,    7,   90,   84,    1,
            0,   43,   35,   24],
        [  40,    0,    3,    0,    6,   92,  872,    0,   13,   34,  128,
          104,    0,    3,    0],
        [   0,    0,    0,    0,    0,    7,    0, 1080,   31,   19,    0,
            0,    0,    0,   29],
        [   0,    0,    0,    0,    0,   90,   13,   31,  544,    7,    0,
           10,    0,   64,   39],
        [   0,    7,    0,    0,   20,   84,   34,   19,    7,  314,    0,
            0,   63,    1,   17],
        [   0,    0,    0,    0,    0,    1,  128,    0,    0,    0,  120,
            3,    0,    0,    0],
        [   0,    0,    0,    0,    0,    0,  104,    0,   10,    0,    3,
          280,    0,    9,    0],
        [   0,   55,   18,    0,    0,   43,    0,    0,    0,   63,    0,
            0,  736,    0,    0],
        [   0,    0,    0,    0,    0,   35,    3,    0,   64,    1,    0,
            9,    0, 1382,   72],
        [   0,    0,    0,    0,    0,   24,    0,   29,   39,   17,    0,
            0,    0,   72,  902]], dtype=uint32)}
</pre></div>
</div>
</div>
</div>
<p>The added object contains two arrays. The first stored under <code class="docutils literal notranslate"><span class="pre">zscore</span></code> contains the enrichment z-score for each cell-cell interaction. The second is stored under <code class="docutils literal notranslate"><span class="pre">count</span></code> and represents the enrichment count.</p>
<p>Finally, we’ll directly visualize the results with <code class="docutils literal notranslate"><span class="pre">squidpy.pl.nhood_enrichment()</span></code>.</p>
<div class="cell docutils container">
<div class="cell_input docutils container">
<div class="highlight-ipython3 notranslate"><div class="highlight"><pre><span></span><span class="n">sq</span><span class="o">.</span><span class="n">pl</span><span class="o">.</span><span class="n">nhood_enrichment</span><span class="p">(</span><span class="n">adata</span><span class="p">,</span> <span class="n">cluster_key</span><span class="o">=</span><span class="s2">&quot;cluster&quot;</span><span class="p">,</span> <span class="n">method</span><span class="o">=</span><span class="s2">&quot;average&quot;</span><span class="p">,</span> <span class="n">figsize</span><span class="o">=</span><span class="p">(</span><span class="mi">5</span><span class="p">,</span> <span class="mi">5</span><span class="p">))</span>
</pre></div>
</div>
</div>
<div class="cell_output docutils container">
<img alt="../_images/de358bc84259c9fe728db79bee5b4445034303687a305f8a2710395d89a78cea.png" src="../_images/de358bc84259c9fe728db79bee5b4445034303687a305f8a2710395d89a78cea.png" />
</div>
</div>
<p>From the above plot, we can see that there seems to be an enrichment for clusters of the <code class="docutils literal notranslate"><span class="pre">Pyramidal_layer</span></code> and <code class="docutils literal notranslate"><span class="pre">Dentate_gyrus</span></code>. By looking at the spatial scatterplot above, we can confirm that these clusters are indeed “neighbors” as their members are often close.</p>
<p>A similar approach to such problem is computing what we call an <em>interaction matrix</em>, that is, the sum of all connecting observations between clusters in tissue. The approach is related to the neighborhood enrichment analysis yet it is not a test, but should be viewed as a simple summary statistics of the spatial graph.
Let’s take a look at how the interaction matrix looks like for the dataset.</p>
<div class="cell docutils container">
<div class="cell_input docutils container">
<div class="highlight-ipython3 notranslate"><div class="highlight"><pre><span></span><span class="n">sq</span><span class="o">.</span><span class="n">gr</span><span class="o">.</span><span class="n">interaction_matrix</span><span class="p">(</span><span class="n">adata</span><span class="p">,</span> <span class="n">cluster_key</span><span class="o">=</span><span class="s2">&quot;cluster&quot;</span><span class="p">)</span>
</pre></div>
</div>
</div>
<div class="cell_output docutils container">
<div class="output stream highlight-myst-ansi notranslate"><div class="highlight"><pre><span></span>Adding `adata.uns[&#39;cluster_interactions&#39;]`
</pre></div>
</div>
</div>
</div>
<p>The function added <code class="docutils literal notranslate"><span class="pre">adata.uns['cluster_interactions']</span></code> to our AnnData object, which contains the number of interactions between two clusters with respect to the provided spatial connectivities graph.</p>
<div class="cell docutils container">
<div class="cell_input docutils container">
<div class="highlight-ipython3 notranslate"><div class="highlight"><pre><span></span><span class="n">adata</span><span class="o">.</span><span class="n">uns</span><span class="p">[</span><span class="s2">&quot;cluster_interactions&quot;</span><span class="p">]</span>
</pre></div>
</div>
</div>
<div class="cell_output docutils container">
<div class="output text_plain highlight-myst-ansi notranslate"><div class="highlight"><pre><span></span>array([[1.352e+03, 1.000e+00, 1.450e+02, 1.280e+02, 4.000e+00, 4.000e+00,
        4.000e+01, 0.000e+00, 0.000e+00, 0.000e+00, 0.000e+00, 0.000e+00,
        0.000e+00, 0.000e+00, 0.000e+00],
       [1.000e+00, 1.290e+03, 6.700e+01, 9.000e+00, 8.700e+01, 0.000e+00,
        0.000e+00, 0.000e+00, 0.000e+00, 7.000e+00, 0.000e+00, 0.000e+00,
        5.500e+01, 0.000e+00, 0.000e+00],
       [1.450e+02, 6.700e+01, 1.140e+03, 0.000e+00, 2.000e+00, 8.300e+01,
        3.000e+00, 0.000e+00, 0.000e+00, 0.000e+00, 0.000e+00, 0.000e+00,
        1.800e+01, 0.000e+00, 0.000e+00],
       [1.280e+02, 9.000e+00, 0.000e+00, 6.780e+02, 1.400e+02, 0.000e+00,
        0.000e+00, 0.000e+00, 0.000e+00, 0.000e+00, 0.000e+00, 0.000e+00,
